1.827276210872390283e-02
-2.531627103641737606e-05
1.473470184101770232e-03
1.558867682090741115e-03
-1.056215295100021347e-03
8.434440435402576052e-04
-1.499059517475117296e-03
3.072305689851289484e-04
1.316162732607679877e-03
1.215000381629117564e-03
9.691218574597911927e-04
9.793526441208956837e-04
1.146544363777779159e-03
1.232446338044201244e-03
7.935418048297894402e-04
-2.513368800578929954e-04
-1.149037152397800864e-03
-6.451010491119274449e-04
8.284594319030930739e-04
8.389932697327851614e-04
-8.224497730783524724e-04
-6.177404161573882583e-04
1.053630856121733029e-03
-5.748394034906412382e-05
-9.518100742387060938e-04
9.373758852387095416e-04
-9.709442652543317977e-05
-7.566178417564733451e-04
1.056537450839748100e-03
-7.399739960288141119e-04
9.964879758631137348e-05
5.302747251650043918e-04
-9.233781440572420276e-04
1.024941078298665861e-03
-8.780158218543653807e-04
5.852964793405617244e-04
-2.345614320922606187e-04
-9.937601075536044767e-05
3.835978713718330400e-04
-5.985571527634305899e-04
7.520596612981711882e-04
-8.498071648200570746e-04
9.099337933028843516e-04
-9.405427605344284523e-04
9.561057069738574483e-04
-9.598407119238927749e-04
9.594523226261268386e-04
-9.525495107026362308e-04
9.411548061823755583e-04
-9.188720766005440983e-04
8.832047678498343435e-04
-8.252111395355398718e-04
7.402607244850365961e-04
-6.201631726186080653e-04
4.626661090258008978e-04
-2.658869232661921315e-04
3.626010308925391168e-05
2.148217406341153659e-04
-4.665971755945726466e-04
6.920552576016895593e-04
-8.591283462988039956e-04
9.349233954925238689e-04
-8.940306697055840426e-04
7.232806107902781372e-04
-4.337059280732704107e-04
5.861379333694155319e-05
3.388633571101571035e-04
-6.836630866928201759e-04
8.920499547108932514e-04
-9.065095672501483331e-04
7.008788967386271954e-04
-3.140690571605442467e-04
-1.692797537130341949e-04
6.119778504480754460e-04
-8.848296180269940104e-04
8.824871195356055308e-04
-5.955868055064776536e-04
9.577324768797961614e-05
4.417051782938923726e-04
-8.296048766067156636e-04
8.993831311356165984e-04
-6.180067396486678801e-04
7.185566430619686612e-05
5.057137444751793947e-04
-8.752534291301528437e-04
8.455372862854072108e-04
-4.282623272039027531e-04
-2.071533502218359749e-04
7.393522662974024015e-04
-9.110085207918742958e-04
6.025597907927851115e-04
2.098348436098602422e-05
-6.480962242251159288e-04
9.104039240725070488e-04
-6.652182990800041161e-04
2.094140933733205749e-05
6.317676330126985578e-04
-9.161069235878954806e-04
6.263908572016135086e-04
5.094025783088963755e-05
-7.102102849679994660e-04
9.009502650080577872e-04
-5.033412087382486142e-04
-2.463013627777993226e-04
8.232658867703824927e-04
-8.380318414047363985e-04
2.511319025691265117e-04
5.126432335625477925e-04
-9.143837925820398789e-04
6.356540177392878315e-04
1.156493845176693363e-04
-7.887981873460610336e-04
8.543296423859828665e-04
-2.578616501972952183e-04
-5.482639658608072465e-04
9.194413097744338686e-04
-5.506733596349519229e-04
-2.696460203920048298e-04
8.732950886956104873e-04
-7.483669494532054932e-04
-4.443337639171420980e-06
7.629485791051000831e-04
-8.619077292962832757e-04
2.207886348344935412e-04
6.272660511105137377e-04
-9.127852999800956102e-04
3.977702193494870144e-04
4.932510607303063066e-04
-9.237428218930359087e-04
5.286670744864567419e-04
3.771501991246288196e-04
-9.138935198211366965e-04
6.203656767644360505e-04
2.872789583079717914e-04
-8.974527874767901283e-04
6.804781035709620137e-04
2.269684747354294881e-04
-8.836880566005940983e-04
7.153766994374873012e-04
1.967664709177466579e-04
-8.777141635332171661e-04
7.292808660609088715e-04
1.957716675171517623e-04
-8.813804409271927282e-04
7.241736927775341715e-04
2.225343215672900832e-04
-8.938351416332929265e-04
6.999274575478199806e-04
2.750452991505281542e-04
-9.120246708006579618e-04
6.549051484086148298e-04
3.506469135392047088e-04
-9.310248165980089616e-04
5.866084752677491656e-04
4.456678726995346677e-04
-9.443933707490223799e-04
4.923487980895062486e-04
5.549186542657314923e-04
-9.445108765862575417e-04
3.702506163534913307e-04
6.714224752266829532e-04
-9.231674099663897404e-04
2.200236863301267007e-04
7.860629708375511081e-04
-8.724206507110845695e-04
4.399231076601109111e-05
8.879756124323725510e-04
-7.855604681893395454e-04
-1.523961540033731601e-04
9.649060701682862957e-04
-6.583108307198231755e-04
-3.601436162221577711e-04
1.004287100390192011e-03
-4.898703004314461026e-04
-5.667419253979442007e-04
9.944739626610468557e-04
-2.840930877111704314e-04
-7.568353854392594754e-04
9.265725158423704106e-04
-5.002566069761422290e-05
-9.137015333909590583e-04
7.960973772347278892e-04
1.984538284087922124e-04
-1.020928670802948284e-03
6.040759332759614280e-04
4.430625499427798264e-04
-1.064529606357510899e-03
3.584063354954766388e-04
6.631099857184881126e-04
-1.035376948561556954e-03
7.333850999717789285e-05
8.377247938737145735e-04
-9.305980614858716613e-04
-2.313374086441506066e-04
9.482654948397603156e-04
-7.546003835512440612e-04
-5.319094152567323264e-04
9.807278936750712592e-04
-5.195399428362490295e-04
-8.031693783386339210e-04
9.283241450767694023e-04
-2.443868740003123097e-04
-1.021816121868640657e-03
7.928518790908410446e-04
4.768121705793341471e-05
-1.169470153081682458e-03
5.839653915972808440e-04
3.321545957406550273e-04
-1.233708349792583814e-03
3.183908158282270696e-04
5.849257403145039554e-04
-1.210200110727067090e-03
1.878095305293792615e-05
7.864064806023955733e-04
-1.102870680790015443e-03
-2.900255175317873520e-04
9.229293622673759951e-04
-9.229625322356300706e-04
-5.831761418814112707e-04
9.894289339203500046e-04
-6.865997809729273635e-04
-8.407945206552295018e-04
9.868033970221673848e-04
-4.103670507529164329e-04
-1.044843949255144268e-03
9.208062132852049605e-04
-1.154786500581786403e-04
-1.182881097240899354e-03
8.068535122500922327e-04
1.798822537816814572e-04
-1.252332132871061040e-03
6.613999110152675789e-04
4.629259988264472145e-04
-1.254569019620656745e-03
5.012629792255373935e-04
7.239960129027684516e-04
-1.195273044002335798e-03
3.441889906932395129e-04
9.579240341969185975e-04
-1.086563956802353084e-03
2.047526150288050050e-04
1.167932630186996768e-03
-9.398225311958240775e-04
9.063027745723640366e-05
1.357234711814575730e-03
-7.640422447692227269e-04
8.597715269701919349e-06
1.527403829678946300e-03
-5.693862814018456862e-04
-3.095245975832960385e-05
1.683385041194235439e-03
-3.754371685671249433e-04
-2.681283255211879858e-05
1.840437544510484550e-03
-1.889744039182767658e-04
1.423554243551775587e-05
1.997269626834401526e-03
-1.881005748839687354e-05
9.679797561122768443e-05
2.162444514805355808e-03
1.246909850590016537e-04
2.082921468489473942e-04
2.327191395733767092e-03
2.438582591806193580e-04
3.660972797887532704e-04
2.480516543899274461e-03
3.044120154062521190e-04
5.668526792830933837e-04
2.639454295525105968e-03
3.113047647764688106e-04
7.849571610766910203e-04
2.768437449332684236e-03
2.860242989426245181e-04
1.041284421282005334e-03
2.815879523807989469e-03
2.113574029568068000e-04
1.357003500836619211e-03
2.762119945189091003e-03
8.427347778016834514e-05
1.713212743667457457e-03
2.569064076894229942e-03
-6.408540108287206789e-05
2.089711907950359167e-03
2.196162086412036581e-03
-1.921519360920560804e-04
2.419497560828908107e-03
1.598424200371756495e-03
-2.102007363962979034e-04
2.652683241937390558e-03
7.413405660797733887e-04
-1.328286957680111131e-04
2.674197947901689118e-03
-2.007038178442891916e-04
8.966644600216897194e-05
2.187110173249439456e-03
-1.151110748512333823e-03
5.140830539139720594e-04
1.160181009883065432e-03
-1.931374038796916442e-03
8.223995864778601162e-04
-4.480300783007305689e-04
-2.215591014743610240e-03
7.328899962104958466e-04
-2.438176472622983950e-03
-2.027320520786626487e-03
-1.740991107137984141e-04
-4.174935348530744474e-03
-1.677707183285419030e-03
-2.142312822732029588e-03
-4.920433459426133520e-03
-1.889572467773853025e-03
-4.879742478772979876e-03
-4.455438504046759993e-03
-3.244830005396558831e-03
-7.126523162772390244e-03
-3.903112536603213067e-03
-5.898855713537320966e-03
-7.411295263720076194e-03
-4.675815980168476597e-03
-8.439719554628598297e-03
-6.523870480870483379e-03
-7.601807260456443227e-03
-8.331833114075638119e-03
-6.659743617081611590e-03
-1.067280105411198658e-02
-6.615451734611801568e-03
-9.260649051390899486e-03
-9.345113114374761776e-03
-7.408707557654345063e-03
-1.143984526632532694e-02
-4.955036765356943089e-03
-1.137504585978545146e-02
-8.070108445544621478e-03
-5.050983056230214270e-03
-1.089836835285136994e-02
-3.234805588145505707e-03
-8.518447596994284041e-03
-3.025919877181149943e-03
-3.930503484994712915e-03
-3.544663750232072627e-03
1.660657618742815075e-04
1.111751995574084993e-03
2.621765259462218063e-03
1.416239671811886413e-03
1.447908332163685453e-02
3.742130959858811987e-03
1.578468958879186007e-02
1.485248202219045625e-02
2.192358426025910190e-02
2.257199098017397335e-02
2.876339562313120352e-02
2.953948566109206031e-02
4.356981285668631854e-02
4.088991857614091702e-02
4.288556791328689693e-02
6.529699775897604419e-02
5.590261864719941326e-02
6.813326241777775683e-02
7.875006564626486905e-02
8.265449494308868550e-02
9.356993654164152963e-02
1.008317900608621948e-01
1.071670519844154235e-01
1.226464244280848076e-01
1.367923685297259273e-01
1.221791194117596568e-01
1.668093130893713583e-01
1.569975033671412168e-01
1.772517048622382352e-01
1.683542636229212464e-01
2.264979553350469355e-01
1.759650423868072133e-01
2.539320131315534468e-01
2.087118599779419492e-01
2.581465571576915252e-01
2.589004007610025693e-01
2.834349762623746272e-01
2.506033944900553645e-01
3.374398798218425366e-01
2.878903016021563954e-01
3.237175243680557868e-01
3.202755051830843414e-01
3.773590987503072092e-01
3.182462628745579281e-01
3.713188857324278835e-01
3.873901053962351404e-01
3.752067842289317223e-01
3.818469838459617738e-01
4.283174051058485921e-01
3.716391863774778925e-01
4.504302505628611231e-01
4.473273321812966663e-01
4.474906222207212236e-01
4.876234000551098458e-01
4.874429353566802070e-01
5.183347829522139127e-01
5.524335171380717613e-01
5.919061243704561992e-01
6.387874638160676577e-01
7.624997634495916943e-01
8.343950421822805552e-01
